2
-842150451
0
0
1
-842150451
0
0
1
1
0
32
0
4
5
4
4
0
2
0
32
1
0
0
1
0
0
3
0
32
1
0
0
0
1
0
4
0
32
1
0
0
1
1
0
1
1
96
1
0
0
9
0
0
2
1
96
1
0
0
10
0
0
3
1
96
1
0
0
9
1
0
4
1
96
1
0
0
10
1
0
-572662307
-33686019
-572662307
-878627040
-878620768
455
184387849
10757
455
-572662307
-572662307
-878606512
284985618
0
0
14540253
0
201337373
32764
375672656
-878620560
16
432
0
115
2
-33686019
455
-878618144
-878598288
-878617920
-878598416
455
-878618032
455
455
455
-878598096
-878597664
-878597776
-878597888
455
-878598000
455
455
455
-878597472
-878597056
-878597168
-878597264
455
-878597376
455
455
455
-878639136
-878602928
-878589232
-878589360
455
-878589616
455
455
455
-878639056
-878588032
-878602832
-878602736
455
-878602064
455
455
